{
    "model_148": 0.1507018944561692,
    "model_149": 0.15769974578581047,
    "model_150": 0.15407622881466457,
    "model_151": 0.153429661314198,
    "model_152": 0.16246268268628072,
    "model_153": 0.15507495536153598,
    "model_154": 0.1453673799889721,
    "model_155": 0.17010618672516697,
    "model_156": 0.15445869353179603,
    "model_157": 0.17713011577782675,
    "model_158": 0.1659666837126581,
    "model_159": 0.14757127472173287,
    "model_20": 0.18333860268227406,
    "model_21": 0.18036416114358264,
    "model_212": 0.15348546432102578,
    "model_213": 0.16324401758125148,
    "model_214": 0.17886104089430088,
    "model_215": 0.1863945536607011,
    "model_216": 0.1631567514917677,
    "model_217": 0.16840812970011504,
    "model_218": 0.15757864253520842,
    "model_219": 0.15337913750427484,
    "model_22": 0.14026547285434576,
    "model_220": 0.13345822200965624,
    "model_221": 0.13819624441519823,
    "model_222": 0.1596914729706899,
    "model_223": 0.14938126143145364,
    "model_23": 0.18740146105240107,
    "model_24": 0.17511563609111647,
    "model_25": 0.19228918294376252,
    "model_26": 0.16734772263690587,
    "model_27": 0.19877820767986065,
    "model_28": 0.17307259917360018,
    "model_29": 0.17598047037221407,
    "model_30": 0.1721447762816108,
    "model_31": 0.16474697330503174,
    "model_532": 0.11562808850857798,
    "model_533": 0.11185586462867311,
    "model_534": 0.11139700363810298,
    "model_535": 0.11768859434894044,
    "model_536": 0.13514948104116112,
    "model_537": 0.11941389547638016,
    "model_538": 0.1408530245477894,
    "model_539": 0.1308866994280549,
    "model_540": 0.14127773240024402,
    "model_541": 0.13007692780784133,
    "model_542": 0.14350890557186713,
    "model_543": 0.11957710226757479,
    "model_596": 0.1215547459872731,
    "model_597": 0.10268249224260145,
    "model_598": 0.11992011776859392,
    "model_599": 0.11065403023899982,
    "model_600": 0.14127090454274846,
    "model_601": 0.10607310228472776,
    "model_602": 0.16192580034588633,
    "model_603": 0.14168127949706272,
    "model_604": 0.11158862426137517,
    "model_605": 0.08022163289372178,
    "model_606": 0.10658254554876159,
    "model_607": 0.08916844647647187,
    "model_660": 0.11801026228205945,
    "model_661": 0.11712711569069974,
    "model_662": 0.11279831383294295,
    "model_663": 0.11307493451425671,
    "model_664": 0.12472988500463475,
    "model_665": 0.10394749602975445,
    "model_666": 0.1510258891248863,
    "model_667": 0.11976295560625821,
    "model_668": 0.14014810303416908,
    "model_669": 0.12637049136833323,
    "model_670": 0.1453954879629767,
    "model_671": 0.11208791960847322,
    "model_724": 0.12227051703864472,
    "model_725": 0.1011524691800823,
    "model_726": 0.12307369254421083,
    "model_727": 0.11882530724381603,
    "model_728": 0.13418508849137722,
    "model_729": 0.13336562955417663,
    "model_730": 0.15228575245586973,
    "model_731": 0.15252698870802706,
    "model_732": 0.11623369971192091,
    "model_733": 0.10028976426541315,
    "model_734": 0.0976941118268593,
    "model_735": 0.08472697658692502,
    "model_84": 0.15190620813802752,
    "model_85": 0.15263444596254763,
    "model_86": 0.16353631533417415,
    "model_87": 0.16196260766712034,
    "model_88": 0.16608434247497156,
    "model_89": 0.1866647535785835,
    "model_90": 0.17664495343622078,
    "model_91": 0.17829543716552873,
    "model_92": 0.13178417925655866,
    "model_93": 0.13419171131941432,
    "model_94": 0.15990525756032337,
    "model_95": 0.18573409016327852
}