{
    "model_1000": 0.09415561107699028,
    "model_1001": 0.10197231976572292,
    "model_1002": 0.09169073271960912,
    "model_1003": 0.09426999332873766,
    "model_1004": 0.09048057835733617,
    "model_1005": 0.11296923614801588,
    "model_1006": 0.11827402187772225,
    "model_1007": 0.13537810533227007,
    "model_1008": 0.10420583652690749,
    "model_1009": 0.11853995112432755,
    "model_1010": 0.12175441462444533,
    "model_1011": 0.1447729733222981,
    "model_239": 0.13128457516174538,
    "model_240": 0.13400848628703038,
    "model_241": 0.10009069113741885,
    "model_242": 0.11731767952416157,
    "model_243": 0.16272097287094106,
    "model_244": 0.1758121993370288,
    "model_245": 0.07993276769719805,
    "model_246": 0.08426236232549132,
    "model_247": 0.07463560883891375,
    "model_248": 0.08239454846042582,
    "model_249": 0.08477624776788534,
    "model_250": 0.08487165772612654,
    "model_251": 0.11786952242900951,
    "model_252": 0.142374012465541,
    "model_253": 0.09237764543534961,
    "model_254": 0.10267136254704469,
    "model_255": 0.14890367589562079,
    "model_256": 0.15972198876660634,
    "model_612": 0.1130263222474015,
    "model_613": 0.12177217330795477,
    "model_614": 0.13132102003068577,
    "model_615": 0.11160031412088522,
    "model_616": 0.10849953816154168,
    "model_617": 0.13682704749498073,
    "model_618": 0.09670255478635768,
    "model_619": 0.10929088880024682,
    "model_620": 0.09109360902833445,
    "model_621": 0.09322404312606848,
    "model_622": 0.10740061852584719,
    "model_623": 0.11667742022823566,
    "model_624": 0.12681156973298993,
    "model_625": 0.11971385583179218,
    "model_626": 0.1184463253045297,
    "model_627": 0.11918094331546816,
    "model_628": 0.11690901163486687,
    "model_629": 0.1300997868938327,
    "model_994": 0.12887109420694637,
    "model_995": 0.13349090388212775,
    "model_996": 0.10913350603315511,
    "model_997": "EXCEEDED",
    "model_998": "EXCEEDED",
    "model_999": "EXCEEDED"
}