{
    "model_148": 823.0175110533143,
    "model_149": 929.1712523107072,
    "model_150": 236.9547640006048,
    "model_151": 264.8146788087909,
    "model_152": 270.49007302072886,
    "model_153": 282.5981214344019,
    "model_154": 105.8943351901322,
    "model_155": 123.4644027868419,
    "model_156": 2568.773166654089,
    "model_157": 3020.310776368744,
    "model_158": 2013.8632793460288,
    "model_159": 2271.908735152519,
    "model_20": 739.7819973633759,
    "model_21": 815.1305050769963,
    "model_212": 608.1681167695756,
    "model_213": 564.0551354888486,
    "model_214": 165.8046924567788,
    "model_215": 161.03912071856928,
    "model_216": 192.76764933174283,
    "model_217": 179.74319963525713,
    "model_218": 75.80310331489582,
    "model_219": 76.5470220242265,
    "model_22": 219.27807428721704,
    "model_220": 2333.7827790276397,
    "model_221": 2391.4833889525335,
    "model_222": 784.0020820361375,
    "model_223": 617.2785990678341,
    "model_23": 267.8046173025261,
    "model_24": 235.5220298408446,
    "model_25": 258.8761986580659,
    "model_26": 136.68945980315382,
    "model_27": 160.36652521095817,
    "model_28": 2777.143727953097,
    "model_29": 3206.9687955810127,
    "model_30": 2078.9509320484613,
    "model_31": 2360.2998453773803,
    "model_532": 1036.8990425381821,
    "model_533": 1018.8109872412742,
    "model_534": 463.8191061194935,
    "model_535": 643.3699855512351,
    "model_536": 221.82957758148768,
    "model_537": 209.86642458589392,
    "model_538": 89.38152611460504,
    "model_539": 82.83793807034017,
    "model_540": 2253.7727257873767,
    "model_541": 3096.6149480266395,
    "model_542": 2105.5051533444525,
    "model_543": 2828.7538184763393,
    "model_596": 481.8773336942167,
    "model_597": 390.9539645106848,
    "model_598": 296.0563295597164,
    "model_599": 256.36434698112566,
    "model_600": 138.09997243322843,
    "model_601": 111.34728238193469,
    "model_602": 63.60609476293132,
    "model_603": 53.88897114598129,
    "model_604": 4915.956974714353,
    "model_605": 1679.0359459484168,
    "model_606": 2551.7052198985525,
    "model_607": 1118.3336257799358,
    "model_660": 1295.6063843354893,
    "model_661": 1671.7037406427733,
    "model_662": 882.1317688773084,
    "model_663": 654.9247090168213,
    "model_664": 321.2738009142266,
    "model_665": 291.02935228187846,
    "model_666": 93.64476031522835,
    "model_667": 85.82162020293633,
    "model_668": 2442.1758898048924,
    "model_669": 3317.776110725879,
    "model_670": 2147.84803038102,
    "model_671": 2915.823757387257,
    "model_724": 705.0785395421688,
    "model_725": 569.6803537442372,
    "model_726": 331.09973076853976,
    "model_727": 285.4992635096963,
    "model_728": 187.44308091333906,
    "model_729": 151.38887995788753,
    "model_730": 64.20836391240285,
    "model_731": 52.86857904916222,
    "model_732": 4647.496958729899,
    "model_733": 2847.407027618283,
    "model_734": 1892.230075687241,
    "model_735": 1372.6959399586551,
    "model_84": 414.28200299075905,
    "model_85": 402.8167290951146,
    "model_86": 164.992919935053,
    "model_87": 164.5937076164933,
    "model_88": 161.27177217649762,
    "model_89": 154.20014501774466,
    "model_90": 89.09727329233966,
    "model_91": 87.42129871298704,
    "model_92": 1382.1090690774035,
    "model_93": 1340.8775241493724,
    "model_94": 564.3305452339844,
    "model_95": 511.3414188538548
}