{
    "model_1000": 23251.562584592262,
    "model_1001": 4531.53142125152,
    "model_1002": 29706.033999382766,
    "model_1003": 4983.866950374404,
    "model_1004": 25829.666354596997,
    "model_1005": 4083.4269232837187,
    "model_1006": 5714.204163090195,
    "model_1007": 3815.536909397885,
    "model_1008": 8948.099163443176,
    "model_1009": 4090.9246710633015,
    "model_1010": 3260.3758615677507,
    "model_1011": 3652.7878854048395,
    "model_239": 3998.0156011744134,
    "model_240": 4118.091441310952,
    "model_241": 4475.990879495015,
    "model_242": 4454.557518150272,
    "model_243": 4548.716710176831,
    "model_244": 4514.600200600772,
    "model_245": 20818.244095640428,
    "model_246": 4739.2955756425945,
    "model_247": 20940.030425585137,
    "model_248": 5205.448712887312,
    "model_249": 17083.560383614047,
    "model_250": 4726.038637837878,
    "model_251": 3721.450839358843,
    "model_252": 3901.466919448419,
    "model_253": 6333.957622403901,
    "model_254": 4348.723249801331,
    "model_255": 3896.256605536377,
    "model_256": 4354.668413426256,
    "model_612": 11409.287202660924,
    "model_613": 7191.590837142251,
    "model_614": 11834.358258978544,
    "model_615": 8328.396457925304,
    "model_616": 13309.185695540928,
    "model_617": 5374.076145795248,
    "model_618": 95952.93744627289,
    "model_619": 13850.717699861534,
    "model_620": 81311.67444506093,
    "model_621": 14785.936839627333,
    "model_622": 73130.87349004578,
    "model_623": 12564.075396429607,
    "model_624": 13171.437105320827,
    "model_625": 7118.007516135436,
    "model_626": 16839.301505338277,
    "model_627": 8216.359275177616,
    "model_628": 10897.432497222238,
    "model_629": 5761.393839188425,
    "model_994": 3857.489047877651,
    "model_995": 4015.21316183114,
    "model_996": 4924.062760962758,
    "model_997": 4328.775032292107,
    "model_998": 3720.84659534326,
    "model_999": 3856.335906636869
}