{
    "model_148": 0.99971875,
    "model_149": 0.99909375,
    "model_150": 0.997375,
    "model_151": 0.99809375,
    "model_152": 0.99765625,
    "model_153": 0.9989375,
    "model_154": 0.8353125,
    "model_155": 0.788875,
    "model_156": 0.9998125,
    "model_157": 0.9998125,
    "model_158": 1.0,
    "model_159": 0.9984375,
    "model_20": 0.9996875,
    "model_21": 0.99984375,
    "model_212": 0.99809375,
    "model_213": 0.9986875,
    "model_214": 0.956,
    "model_215": 0.95740625,
    "model_216": 0.9745625,
    "model_217": 0.9965625,
    "model_218": 0.7135,
    "model_219": 0.555,
    "model_22": 0.9999375,
    "model_220": 0.99796875,
    "model_221": 0.99859375,
    "model_222": 0.9933125,
    "model_223": 0.9906875,
    "model_23": 0.999875,
    "model_24": 0.99971875,
    "model_25": 0.99990625,
    "model_26": 0.995375,
    "model_27": 0.9996875,
    "model_28": 0.999875,
    "model_29": 0.99996875,
    "model_30": 1.0,
    "model_31": 1.0,
    "model_532": 0.96796875,
    "model_533": 0.99125,
    "model_534": 0.90065625,
    "model_535": 0.95984375,
    "model_536": 0.66,
    "model_537": 0.58528125,
    "model_538": 0.2333125,
    "model_539": 0.20315625,
    "model_540": 0.92465625,
    "model_541": 0.9916875,
    "model_542": 0.94671875,
    "model_543": 0.99615625,
    "model_596": 0.8078125,
    "model_597": 0.89371875,
    "model_598": 0.75815625,
    "model_599": 0.83075,
    "model_600": 0.488375,
    "model_601": 0.45615625,
    "model_602": 0.2995625,
    "model_603": 0.32703125,
    "model_604": 0.8536875,
    "model_605": 0.97159375,
    "model_606": 0.8970625,
    "model_607": 0.9555,
    "model_660": 0.96584375,
    "model_661": 0.98896875,
    "model_662": 0.955375,
    "model_663": 0.9579375,
    "model_664": 0.58696875,
    "model_665": 0.64421875,
    "model_666": 0.33334375,
    "model_667": 0.309,
    "model_668": 0.9136875,
    "model_669": 0.98821875,
    "model_670": 0.95075,
    "model_671": 0.99490625,
    "model_724": 0.8770625,
    "model_725": 0.91553125,
    "model_726": 0.80271875,
    "model_727": 0.8020625,
    "model_728": 0.45590625,
    "model_729": 0.585375,
    "model_730": 0.163625,
    "model_731": 0.25484375,
    "model_732": 0.84271875,
    "model_733": 0.9585,
    "model_734": 0.907875,
    "model_735": 0.95696875,
    "model_84": 0.9989375,
    "model_85": 0.99953125,
    "model_86": 0.9984375,
    "model_87": 0.9988125,
    "model_88": 0.9956875,
    "model_89": 0.99896875,
    "model_90": 0.95459375,
    "model_91": 0.9615,
    "model_92": 0.998625,
    "model_93": 0.99921875,
    "model_94": 0.99728125,
    "model_95": 0.99853125
}