{
    "model_1000": 0.997125,
    "model_1001": 0.97096875,
    "model_1002": 0.9951875,
    "model_1003": 0.98225,
    "model_1004": 0.99325,
    "model_1005": 0.943625,
    "model_1006": 0.9735625,
    "model_1007": 0.57703125,
    "model_1008": 0.98734375,
    "model_1009": 0.815625,
    "model_1010": 0.665625,
    "model_1011": 0.3530625,
    "model_239": 0.724,
    "model_240": 0.62996875,
    "model_241": 0.9465,
    "model_242": 0.87353125,
    "model_243": 0.12871875,
    "model_244": 0.08446875,
    "model_245": 0.99940625,
    "model_246": 0.9879375,
    "model_247": 0.99725,
    "model_248": 0.99109375,
    "model_249": 0.99990625,
    "model_250": 0.97984375,
    "model_251": 0.9009375,
    "model_252": 0.79715625,
    "model_253": 0.9951875,
    "model_254": 0.935625,
    "model_255": 0.27746875,
    "model_256": 0.249375,
    "model_612": 0.72496875,
    "model_613": 0.07959375,
    "model_614": 0.645,
    "model_615": 0.444125,
    "model_616": 0.642625,
    "model_617": 0.2469375,
    "model_618": 0.91684375,
    "model_619": 0.79909375,
    "model_620": 0.81790625,
    "model_621": 0.8405625,
    "model_622": 0.930875,
    "model_623": 0.8358125,
    "model_624": 0.87971875,
    "model_625": 0.41784375,
    "model_626": 0.903375,
    "model_627": 0.36303125,
    "model_628": 0.881625,
    "model_629": 0.283375,
    "model_994": 0.697375,
    "model_995": 0.314875,
    "model_996": 0.930875,
    "model_997": 0.7818125,
    "model_998": 0.25171875,
    "model_999": 0.22953125
}