{
    "model_148": 0.9995,
    "model_149": 0.9990625,
    "model_150": 0.9863125,
    "model_151": 0.9916875,
    "model_152": 0.98471875,
    "model_153": 0.994,
    "model_154": 0.625625,
    "model_155": 0.62171875,
    "model_156": 0.9975,
    "model_157": 0.99978125,
    "model_158": 0.99996875,
    "model_159": 0.9984375,
    "model_20": 0.99946875,
    "model_21": 0.9998125,
    "model_212": 0.99490625,
    "model_213": 0.99753125,
    "model_214": 0.78653125,
    "model_215": 0.7979375,
    "model_216": 0.946,
    "model_217": 0.97084375,
    "model_218": 0.58175,
    "model_219": 0.536875,
    "model_22": 0.99871875,
    "model_220": 0.9959375,
    "model_221": 0.99846875,
    "model_222": 0.98690625,
    "model_223": 0.970875,
    "model_23": 0.999875,
    "model_24": 0.998,
    "model_25": 0.99984375,
    "model_26": 0.969875,
    "model_27": 0.9894375,
    "model_28": 0.99934375,
    "model_29": 0.99996875,
    "model_30": 1.0,
    "model_31": 1.0,
    "model_532": 0.651375,
    "model_533": 0.95259375,
    "model_534": 0.577375,
    "model_535": 0.89475,
    "model_536": 0.34771875,
    "model_537": 0.246125,
    "model_538": 0.17546875,
    "model_539": 0.1341875,
    "model_540": 0.241,
    "model_541": 0.8381875,
    "model_542": 0.60190625,
    "model_543": 0.9346875,
    "model_596": 0.53503125,
    "model_597": 0.74709375,
    "model_598": 0.52428125,
    "model_599": 0.6664375,
    "model_600": 0.33215625,
    "model_601": 0.31865625,
    "model_602": 0.1805,
    "model_603": 0.23771875,
    "model_604": 0.35465625,
    "model_605": 0.8824375,
    "model_606": 0.6505,
    "model_607": 0.873,
    "model_660": 0.594625,
    "model_661": 0.9453125,
    "model_662": 0.66925,
    "model_663": 0.8865625,
    "model_664": 0.2554375,
    "model_665": 0.45584375,
    "model_666": 0.18603125,
    "model_667": 0.18221875,
    "model_668": 0.25265625,
    "model_669": 0.81196875,
    "model_670": 0.488875,
    "model_671": 0.90740625,
    "model_724": 0.62209375,
    "model_725": 0.78690625,
    "model_726": 0.559,
    "model_727": 0.60440625,
    "model_728": 0.272125,
    "model_729": 0.413625,
    "model_730": 0.1475,
    "model_731": 0.22553125,
    "model_732": 0.4293125,
    "model_733": 0.793375,
    "model_734": 0.70421875,
    "model_735": 0.85546875,
    "model_84": 0.9978125,
    "model_85": 0.9989375,
    "model_86": 0.97925,
    "model_87": 0.98259375,
    "model_88": 0.95853125,
    "model_89": 0.99128125,
    "model_90": 0.85553125,
    "model_91": 0.92646875,
    "model_92": 0.99728125,
    "model_93": 0.999125,
    "model_94": 0.99503125,
    "model_95": 0.99796875
}