{
    "model_1000": 0.980125,
    "model_1001": 0.89353125,
    "model_1002": 0.97396875,
    "model_1003": 0.9138125,
    "model_1004": 0.88846875,
    "model_1005": 0.8785,
    "model_1006": 0.8725625,
    "model_1007": 0.33453125,
    "model_1008": 0.9140625,
    "model_1009": 0.3435,
    "model_1010": 0.43953125,
    "model_1011": 0.12303125,
    "model_239": 0.2064375,
    "model_240": 0.27946875,
    "model_241": 0.915375,
    "model_242": 0.6890625,
    "model_243": 0.0811875,
    "model_244": 0.06896875,
    "model_245": 0.9985,
    "model_246": 0.96853125,
    "model_247": 0.99509375,
    "model_248": 0.98059375,
    "model_249": 0.9981875,
    "model_250": 0.9538125,
    "model_251": 0.77,
    "model_252": 0.55196875,
    "model_253": 0.9866875,
    "model_254": 0.8628125,
    "model_255": 0.1463125,
    "model_256": 0.115125,
    "model_612": 0.31459375,
    "model_613": 0.20725,
    "model_614": 0.529375,
    "model_615": 0.244125,
    "model_616": 0.37159375,
    "model_617": 0.14559375,
    "model_618": 0.43559375,
    "model_619": 0.5844375,
    "model_620": 0.29690625,
    "model_621": 0.6636875,
    "model_622": 0.47265625,
    "model_623": 0.65596875,
    "model_624": 0.5264375,
    "model_625": 0.26084375,
    "model_626": 0.79103125,
    "model_627": 0.3015,
    "model_628": 0.663625,
    "model_629": 0.20859375,
    "model_994": 0.35790625,
    "model_995": 0.1263125,
    "model_996": 0.87128125,
    "model_997": 0.59575,
    "model_998": 0.18790625,
    "model_999": 0.18803125
}