{
    "model_148": 0.03125,
    "model_149": 0.03125,
    "model_150": 0.0087890625,
    "model_151": 0.0107421875,
    "model_152": 0.0087890625,
    "model_153": 0.00634765625,
    "model_154": 0.00286865234375,
    "model_155": 0.002044677734375,
    "model_156": 0.4999961853027344,
    "model_157": 0.4999961853027344,
    "model_158": 0.234375,
    "model_159": 0.15625,
    "model_20": 0.0390625,
    "model_21": 0.029296875,
    "model_212": 0.03125,
    "model_213": 0.0233154296875,
    "model_214": 0.009765625,
    "model_215": 0.009033203125,
    "model_216": 0.007080078125,
    "model_217": 0.00537109375,
    "model_218": 0.00213623046875,
    "model_219": 0.00164794921875,
    "model_22": 0.01953125,
    "model_220": 0.1171875,
    "model_221": 0.078125,
    "model_222": 0.02734375,
    "model_223": 0.033203125,
    "model_23": 0.0126953125,
    "model_24": 0.0078125,
    "model_25": 0.0077972412109375,
    "model_26": 0.005859375,
    "model_27": 0.00634765625,
    "model_28": 0.4990234375,
    "model_29": 0.4999961853027344,
    "model_30": 0.076171875,
    "model_31": 0.09375,
    "model_532": 0.033203125,
    "model_533": 0.015625,
    "model_534": 0.017578125,
    "model_535": 0.0108642578125,
    "model_536": 0.0068359375,
    "model_537": 0.00341796875,
    "model_538": 0.002685546875,
    "model_539": 0.0018310546875,
    "model_540": 0.0546875,
    "model_541": 0.0703125,
    "model_542": 0.05078125,
    "model_543": 0.04296875,
    "model_596": 0.013671875,
    "model_597": 0.009765625,
    "model_598": 0.009765625,
    "model_599": 0.00830078125,
    "model_600": 0.0029296875,
    "model_601": 0.001953125,
    "model_602": 0.002685546875,
    "model_603": 0.0025634765625,
    "model_604": 0.033203125,
    "model_605": 0.03125,
    "model_606": 0.04296875,
    "model_607": 0.03125,
    "model_660": 0.03125,
    "model_661": 0.038818359375,
    "model_662": 0.0126953125,
    "model_663": 0.01171875,
    "model_664": 0.0046539306640625,
    "model_665": 0.00390625,
    "model_666": 0.00244140625,
    "model_667": 0.002685546875,
    "model_668": 0.109375,
    "model_669": 0.06201171875,
    "model_670": 0.07373046875,
    "model_671": 0.0927734375,
    "model_724": 0.01953125,
    "model_725": 0.0234375,
    "model_726": 0.013671875,
    "model_727": 0.00634765625,
    "model_728": 0.0029296875,
    "model_729": 0.00244140625,
    "model_730": 0.00189208984375,
    "model_731": 0.001708984375,
    "model_732": 0.03125,
    "model_733": 0.04296875,
    "model_734": 0.037109375,
    "model_735": 0.025390625,
    "model_84": 0.0244140625,
    "model_85": 0.021484375,
    "model_86": 0.01171875,
    "model_87": 0.015380859375,
    "model_88": 0.006591796875,
    "model_89": 0.0068359375,
    "model_90": 0.00341796875,
    "model_91": 0.003662109375,
    "model_92": 0.046875,
    "model_93": 0.04296875,
    "model_94": 0.033203125,
    "model_95": 0.0234375
}