{
    "model_1000": 0.0703125,
    "model_1001": 0.009765625,
    "model_1002": 0.046875,
    "model_1003": 0.0166015625,
    "model_1004": 0.0703125,
    "model_1005": 0.009765625,
    "model_1006": 0.017578125,
    "model_1007": 0.00537109375,
    "model_1008": 0.025390625,
    "model_1009": 0.00732421875,
    "model_1010": 0.00341796875,
    "model_1011": 0.001953125,
    "model_239": 0.00634765625,
    "model_240": 0.00408935546875,
    "model_241": 0.0120849609375,
    "model_242": 0.007568359375,
    "model_243": 0.00341796875,
    "model_244": 0.003448486328125,
    "model_245": 0.072265625,
    "model_246": 0.0205078125,
    "model_247": 0.082275390625,
    "model_248": 0.0234375,
    "model_249": 0.1015625,
    "model_250": 0.0205078125,
    "model_251": 0.02294921875,
    "model_252": 0.007080078125,
    "model_253": 0.109375,
    "model_254": 0.009765625,
    "model_255": 0.005859375,
    "model_256": 0.0040283203125,
    "model_612": 0.004150390625,
    "model_613": 0.0009765625,
    "model_614": 0.00421142578125,
    "model_615": 0.001708984375,
    "model_616": 0.001392364501953125,
    "model_617": 0.0006103515625,
    "model_618": 0.0419921875,
    "model_619": 0.008056640625,
    "model_620": 0.035400390625,
    "model_621": 0.013671875,
    "model_622": 0.0576171875,
    "model_623": 0.0068359375,
    "model_624": 0.0234375,
    "model_625": 0.00244140625,
    "model_626": 0.0234375,
    "model_627": 0.0019378662109375,
    "model_628": 0.00732421875,
    "model_629": 0.0013427734375,
    "model_994": 0.00390625,
    "model_995": 0.00439453125,
    "model_996": 0.01708984375,
    "model_997": 0.005859375,
    "model_998": 0.002685546875,
    "model_999": 0.001708984375
}